02_numpy_matplotlib_scipy/exercises/data/TAMM_17_2015_01.asc
NCOLS 654
NROWS 866
XLLCORNER 3280414.711633467
YLLCORNER 5237500.62890625
CELLSIZE 1000
NODATA_VALUE -999
[rows 450 to 494 of 866, columns 288 to 383 of 654]
89 91 91 91 91 94 94 95 99 102 102 102 102 101 101 101 103 103 103 96 99 98 98 101 101 99 98 98 99 100 101 101 99 97 96 97 98 99 100 100 99 98 99 100 100 100 100 100 100 99 99 99 99 99 98 98 99 98 97 97 96 96 97 97 98 99 98 97 99 100 104 105 105 105 105 105 105 103 104 105 104 103 105 104 103 103 102 101 101 100 101 102 104 104 104 105
91 90 92 95 96 97 94 97 101 100 102 100 101 102 102 103 103 101 102 99 98 97 100 103 101 100 99 100 102 102 103 100 99 97 96 97 98 98 100 101 100 100 100 100 100 99 97 99 100 100 98 99 98 98 97 98 99 98 98 97 97 97 97 98 99 99 99 99 98 99 101 102 104 104 105 105 104 103 103 104 103 103 102 102 102 101 102 101 101 101 101 102 104 104 105 104
95 91 93 92 91 97 96 99 101 100 96 97 101 98 98 99 97 98 94 101 103 100 99 103 102 101 99 100 102 103 102 102 100 98 97 97 100 101 101 99 99 99 100 99 99 97 96 97 100 100 100 99 98 97 98 98 99 99 99 98 98 98 98 98 99 99 99 99 99 98 99 102 103 105 105 105 105 104 102 104 103 102 102 101 101 101 100 100 100 99 100 101 103 103 104 105
95 97 98 92 94 96 101 101 98 96 97 100 100 98 98 96 98 98 96 98 100 101 103 104 104 104 102 103 100 101 101 102 101 101 102 101 98 98 97 95 96 97 98 98 98 96 94 95 98 97 99 99 98 98 98 98 98 98 99 99 98 98 99 99 99 99 99 100 99 99 100 100 102 104 104 104 103 104 102 102 102 101 100 100 100 99 99 98 99 99 99 100 101 102 102 105
94 94 96 97 94 98 98 101 101 100 97 100 99 99 97 96 94 95 93 96 102 98 102 97 102 99 103 100 100 97 96 96 98 99 99 100 98 97 95 94 94 95 96 96 96 95 93 91 94 95 98 99 98 98 98 98 98 97 97 98 98 98 99 99 99 99 99 99 99 99 100 101 102 104 100 101 102 102 101 101 101 99 99 98 98 97 96 96 96 97 97 99 99 100 100 101
95 97 98 98 100 99 101 101 101 100 96 98 100 95 100 96 96 95 94 95 98 95 97 98 98 98 97 101 102 102 99 98 96 95 92 98 99 98 96 94 94 95 96 96 95 95 93 92 93 96 98 98 98 98 98 98 99 99 99 98 98 98 98 98 99 99 99 98 99 100 100 101 104 100 99 98 97 99 100 101 98 100 98 98 98 96 95 95 96 96 96 97 97 99 99 99
95 97 99 99 99 101 101 101 101 97 97 96 96 99 101 98 98 92 93 94 93 95 96 97 94 93 99 95 101 101 99 101 100 99 99 97 100 99 99 97 97 98 98 98 98 97 96 94 94 96 97 98 98 99 99 99 99 99 99 99 98 98 98 98 98 98 99 99 99 99 101 104 100 100 97 97 97 97 96 99 98 97 97 96 96 96 94 94 95 97 97 98 98 97 98 99
97 100 100 101 100 101 101 101 101 99 99 99 98 97 97 99 98 99 96 96 98 96 94 95 90 95 95 98 98 100 98 99 99 100 99 98 99 100 100 100 99 99 99 98 96 96 96 95 95 97 98 98 98 97 99 99 99 99 100 99 99 98 98 99 99 99 99 99 100 100 101 103 99 97 98 97 95 95 94 95 94 94 94 94 103 92 91 91 92 94 96 98 99 97 99 100
98 101 101 101 101 101 99 100 99 101 99 99 99 97 94 93 96 96 98 97 97 97 94 95 90 96 96 94 95 99 95 95 99 95 94 100 96 98 99 99 100 99 99 98 98 98 98 97 97 97 98 98 97 97 97 95 95 95 100 100 100 99 100 99 99 99 100 101 102 101 101 104 102 99 98 98 96 95 94 93 94 93 93 92 93 91 92 92 92 95 94 94 96 101 99 102
100 100 99 101 101 101 96 100 101 99 99 98 99 100 97 96 96 95 95 93 94 95 96 95 93 92 94 92 97 96 96 91 93 95 95 98 96 96 98 99 99 99 99 99 98 98 96 97 98 98 97 97 97 97 97 97 97 97 99 99 100 99 99 99 99 100 101 102 101 102 103 103 101 99 98 97 96 94 93 92 92 93 95 95 92 92 91 93 92 95 99 96 101 100 101 97
98 97 100 101 101 99 96 98 100 99 98 98 97 97 99 99 98 97 94 92 94 95 93 95 93 96 89 88 93 97 94 95 92 92 92 95 95 94 97 99 99 99 98 98 98 98 97 96 97 96 96 96 97 97 97 98 99 99 99 100 100 100 100 101 101 102 102 100 101 102 101 100 99 99 99 99 97 96 93 92 92 93 92 93 94 92 92 91 95 98 99 101 102 94 92 92
95 95 99 101 98 98 94 96 99 97 95 97 95 99 98 99 100 98 95 89 93 93 92 95 92 83 81 83 90 90 94 84 92 93 96 97 95 94 96 97 99 99 98 98 98 98 98 96 96 96 97 96 96 96 98 98 99 99 99 100 100 100 101 101 102 101 100 101 102 102 100 100 100 100 99 98 98 96 95 92 90 89 90 92 94 97 97 96 96 98 99 98 101 100 98 91
91 97 101 101 96 96 97 96 96 95 93 94 96 95 96 98 100 99 96 95 92 92 92 93 92 83 81 90 77 81 83 90 85 91 95 94 92 94 94 96 96 98 97 97 97 98 97 97 96 96 96 96 96 97 98 98 98 98 99 96 99 100 101 101 101 100 100 101 101 102 102 102 100 100 100 99 97 98 95 93 92 89 96 96 96 97 97 98 97 96 96 100 97 96 97 97
99 102 101 100 102 99 95 94 92 95 90 90 91 94 96 98 98 99 97 94 95 94 92 92 87 82 81 87 84 84 81 82 88 90 93 92 90 91 93 91 95 95 96 96 96 97 96 97 96 95 96 96 95 96 96 97 98 98 98 99 99 101 101 102 101 101 101 101 102 102 101 101 102 101 101 100 99 98 97 95 94 92 95 97 97 98 96 95 97 99 99 97 96 93 94 95
100 102 99 99 96 97 95 94 94 96 95 94 96 95 95 98 97 98 97 95 95 95 90 90 82 86 79 81 77 79 80 80 82 91 85 85 87 91 93 89 89 94 93 95 96 96 96 96 96 95 95 95 95 97 93 92 96 97 99 99 100 101 101 101 101 101 101 101 101 102 102 101 101 101 99 99 98 98 98 96 93 93 92 91 94 95 98 96 95 96 97 97 97 96 93 96
99 102 96 95 91 95 95 96 98 97 95 99 97 96 97 96 97 96 97 97 95 93 92 89 79 83 77 78 80 81 77 81 82 80 84 77 83 87 87 90 93 90 91 93 94 96 96 95 96 94 95 95 95 95 93 90 93 95 97 98 99 98 101 97 100 101 99 101 101 101 102 101 100 99 98 99 97 97 96 97 95 93 93 94 95 94 99 99 99 98 96 97 95 95 96 97
98 102 94 89 94 97 93 95 96 96 95 96 99 95 97 96 94 96 98 97 95 95 94 92 87 83 78 80 77 76 74 84 79 81 74 76 75 87 79 81 88 91 93 92 92 92 95 95 95 93 95 96 96 97 93 91 90 91 92 94 95 96 97 98 100 100 100 101 101 101 101 100 99 98 98 98 97 96 96 95 95 94 91 91 93 96 96 93 96 94 97 97 98 98 96 96
99 96 94 91 97 99 95 96 100 97 96 100 99 95 98 93 97 98 97 97 97 96 95 95 90 92 77 85 81 80 75 76 77 76 62 69 79 76 76 76 80 84 84 87 92 94 93 93 95 95 95 96 96 95 94 91 91 91 91 91 92 93 94 97 96 100 100 100 101 101 100 100 99 98 98 98 96 95 95 94 95 94 93 95 97 96 92 94 94 93 94 97 94 96 94 93
101 97 97 95 100 100 99 94 101 99 100 99 99 100 96 94 95 97 94 97 98 97 97 93 92 93 91 88 82 81 77 75 74 72 71 74 69 77 74 75 85 83 88 93 92 93 88 91 93 95 95 95 95 96 94 95 91 91 92 91 93 93 95 96 95 93 95 100 100 100 100 99 99 98 98 96 96 95 95 95 95 94 94 96 98 92 90 90 91 92 92 95 95 92 93 97
99 102 101 96 101 101 101 101 101 101 99 98 101 101 98 97 98 94 96 93 98 98 98 95 95 93 93 90 84 77 75 80 77 79 76 73 76 75 75 76 81 82 86 87 86 87 91 92 94 91 94 94 95 95 94 93 90 90 89 89 90 89 92 94 96 95 94 99 99 99 99 99 98 99 96 95 95 94 94 95 95 96 95 93 96 93 92 91 90 90 90 91 92 93 91 92
99 101 98 101 99 95 95 98 94 94 101 101 99 100 101 100 96 96 97 97 93 98 99 99 96 94 92 93 88 87 74 82 81 81 80 74 69 76 79 75 80 83 85 89 89 90 92 90 92 89 91 93 94 94 91 93 93 91 90 89 89 92 91 91 96 95 95 92 99 98 97 96 98 98 95 94 93 93 92 92 92 94 97 95 97 95 93 92 92 93 93 92 93 92 92 92
100 101 98 99 95 95 94 99 95 95 100 100 100 100 100 100 100 100 100 100 97 98 98 99 98 97 96 92 91 85 77 78 83 71 72 81 80 78 84 79 79 79 84 85 86 89 90 85 90 84 89 93 93 94 93 93 93 91 91 92 93 95 91 93 94 95 95 100 91 94 97 97 98 98 96 94 93 92 91 90 90 92 91 94 97 96 94 93 93 91 91 90 92 92 92 92
100 98 98 95 95 96 94 94 99 92 95 97 98 98 98 98 98 99 99 99 100 100 99 100 98 96 95 89 93 89 85 83 88 75 77 84 82 79 84 79 76 78 84 88 89 91 87 84 81 82 82 84 89 89 93 93 92 92 92 92 92 94 91 92 93 94 99 100 99 98 92 96 98 98 96 94 93 92 91 91 93 94 95 97 95 96 95 91 91 89 89 89 90 94 97 90
98 97 97 88 89 96 94 92 100 93 91 89 90 93 96 97 97 98 97 100 99 100 100 100 99 98 96 96 95 91 90 90 90 80 78 84 82 79 79 78 76 82 86 84 85 89 88 88 83 81 78 85 86 89 90 91 91 92 92 92 93 91 93 94 92 94 98 98 92 93 90 91 97 97 97 95 94 93 95 96 96 96 96 95 92 92 91 92 91 89 88 90 89 88 94 97
95 96 97 92 87 93 94 91 94 98 98 96 93 87 96 97 96 97 97 97 98 97 101 100 98 97 98 97 95 90 95 95 87 83 82 91 84 76 83 76 74 76 77 81 85 89 88 85 82 80 82 87 84 92 78 84 84 90 91 91 91 91 91 92 93 97 99 91 91 87 87 89 94 96 96 96 95 94 96 95 90 92 90 93 89 86 86 91 94 93 92 95 87 96 97 97
98 98 96 86 81 90 97 95 91 93 100 99 90 90 94 95 97 96 97 96 96 96 97 100 99 100 97 96 97 91 98 92 88 85 87 92 88 88 79 72 74 76 74 80 84 86 85 88 79 75 75 79 80 84 81 81 86 89 91 91 90 92 94 95 97 100 97 94 89 92 93 92 90 96 96 94 95 96 91 90 87 86 91 92 89 92 93 94 95 96 93 97 96 97 97 96
97 97 95 90 86 90 95 90 90 91 95 98 97 96 90 95 97 93 94 93 94 95 96 100 100 99 99 96 95 98 95 92 92 88 90 90 94 82 83 77 80 78 77 78 86 82 86 80 80 76 83 89 90 84 86 79 78 87 90 91 93 93 93 94 97 99 94 92 87 93 93 95 95 96 93 94 95 94 93 88 89 90 91 90 93 93 93 95 94 97 97 99 99 100 100 95
96 94 93 91 90 93 94 90 91 89 95 92 98 97 92 91 94 86 88 87 94 93 97 97 100 100 100 97 99 94 94 93 89 87 86 92 93 91 82 89 81 68 76 78 77 79 82 80 79 75 78 81 82 80 80 80 80 88 90 91 96 92 93 94 95 96 90 89 92 94 95 95 95 93 91 95 94 91 93 92 92 92 92 91 90 89 91 93 95 93 92 92 97 94 101 102
98 99 97 95 93 94 93 93 89 87 90 93 96 97 93 92 88 92 88 85 86 95 94 96 100 101 101 100 98 95 95 94 89 93 90 97 93 93 90 78 81 75 70 75 75 74 78 73 81 75 80 84 81 86 79 80 80 87 91 95 91 89 91 97 99 97 90 88 90 93 94 94 91 94 95 94 92 92 91 92 88 90 91 90 90 89 88 92 92 90 91 89 92 93 94 103
99 97 96 98 93 94 93 91 88 76 89 92 96 98 97 95 95 89 86 81 86 86 93 94 98 100 101 100 100 98 92 91 89 96 91 97 94 88 90 85 82 76 69 70 71 71 73 76 77 75 74 76 76 82 80 82 88 83 93 96 90 94 95 93 95 98 88 91 93 94 93 92 91 93 93 93 86 91 90 86 90 88 89 88 88 88 89 90 89 88 90 92 92 97 95 100
96 93 94 91 90 92 92 88 86 90 91 94 98 95 97 96 92 88 86 87 90 92 94 95 95 97 96 101 99 98 94 90 92 93 94 94 93 90 89 91 83 83 76 70 70 72 70 72 72 76 71 74 83 75 80 83 82 80 92 88 91 91 92 92 94 92 92 94 92 93 94 93 92 94 93 93 91 91 91 92 90 92 93 89 89 88 95 90 88 90 89 92 96 98 98 99
99 96 95 91 89 88 87 90 90 94 95 97 94 94 95 92 94 85 88 92 90 90 92 92 93 98 97 100 99 94 95 97 97 97 97 95 95 89 88 89 82 76 78 74 83 81 71 71 70 70 73 76 77 74 75 80 78 84 90 85 89 93 93 94 95 94 92 91 91 94 93 92 92 93 94 92 86 91 91 92 91 89 91 95 95 93 94 95 88 88 95 94 98 99 102 104
97 97 95 91 84 79 84 82 90 92 95 97 95 94 91 87 90 90 95 95 95 96 92 93 94 92 96 100 99 99 97 97 96 91 91 97 96 89 88 81 83 81 79 87 87 88 81 73 69 68 69 73 71 73 73 77 77 89 85 85 90 92 90 91 93 88 92 92 92 92 90 89 91 92 95 92 90 89 89 92 96 90 91 90 93 95 98 97 95 94 89 89 88 94 95 103
92 93 93 88 82 77 81 78 86 93 92 97 95 93 96 94 94 92 95 96 94 91 94 92 95 93 98 100 98 93 97 96 93 91 89 95 96 94 84 83 85 84 89 81 81 78 80 68 68 68 74 68 68 72 78 74 83 88 81 88 79 85 86 89 92 88 87 87 90 90 88 90 90 91 93 91 91 90 93 92 90 94 96 96 95 94 94 99 99 98 97 93 93 97 98 102
94 94 93 86 83 87 81 79 83 87 94 96 90 93 93 93 90 93 95 94 91 93 95 97 96 97 99 100 94 91 93 91 94 89 93 92 95 95 92 88 88 91 91 87 79 75 78 75 75 74 72 68 72 69 75 76 77 79 81 78 80 75 79 80 81 88 89 89 90 90 88 91 91 94 92 91 92 91 91 90 88 90 94 93 98 96 96 93 91 97 100 98 101 101 103 104
97 95 92 89 91 87 81 84 82 81 92 95 88 93 93 91 90 92 93 95 93 91 93 94 92 91 98 100 96 97 91 91 91 89 92 91 94 93 95 94 87 91 88 85 81 77 76 79 77 69 78 80 76 71 71 71 81 83 79 75 75 74 84 87 87 89 88 91 91 90 90 90 89 93 91 91 91 90 90 91 89 94 91 95 94 93 93 89 88 88 87 98 101 99 99 103
97 94 83 79 84 88 82 89 80 87 93 96 87 87 91 84 87 86 90 95 94 93 93 91 94 93 98 99 95 95 93 88 88 87 88 88 92 90 90 92 89 93 88 85 85 82 76 75 78 74 82 72 68 68 68 72 73 71 78 80 75 78 83 79 81 80 87 89 90 90 91 91 92 92 91 90 90 92 92 95 92 96 96 96 94 91 90 89 86 97 95 92 92 98 97 100
99 94 87 82 81 83 83 83 88 93 95 91 84 82 83 78 85 85 92 94 95 95 93 92 97 100 98 99 94 91 91 92 91 88 85 86 87 86 86 88 92 93 90 87 84 82 79 78 82 84 86 77 71 65 65 69 64 72 78 81 76 78 87 79 70 83 78 90 85 88 90 91 91 90 90 89 88 90 93 93 91 95 93 93 91 90 84 89 93 86 85 87 89 90 94 98
92 98 94 89 85 83 83 88 88 92 94 91 92 85 81 80 80 87 92 94 94 95 97 97 98 93 94 100 100 98 91 92 90 92 87 89 90 88 88 88 89 94 91 89 91 82 85 88 89 86 83 81 79 78 68 67 64 68 70 74 77 81 82 76 74 79 85 79 82 86 84 86 89 90 88 86 86 85 90 87 90 89 88 91 89 88 89 91 84 82 81 84 85 88 86 95
96 97 98 95 89 84 82 82 84 87 92 94 93 85 84 84 80 82 86 90 92 93 97 93 94 93 95 100 100 98 92 96 92 90 90 86 89 92 92 90 89 94 90 89 90 91 87 81 88 88 86 86 82 79 73 75 70 70 76 74 77 83 85 75 75 84 81 78 82 82 82 84 89 90 83 81 82 87 83 84 88 83 85 88 86 92 93 85 83 79 79 80 86 79 88 94
92 92 94 97 93 82 80 82 81 84 89 88 93 81 80 85 83 82 85 89 92 92 91 92 89 97 99 96 100 96 97 93 92 86 88 90 90 91 91 90 93 94 88 91 92 84 80 75 79 87 84 88 86 85 82 81 71 72 67 69 79 81 78 79 82 80 74 78 79 78 80 81 86 88 78 76 81 80 82 82 79 82 83 92 92 96 93 84 80 77 80 84 86 84 87 87
86 78 87 97 92 81 78 81 82 83 84 84 92 88 82 84 83 81 84 89 94 95 94 94 93 97 97 94 98 97 99 95 88 88 87 82 84 87 89 95 94 93 90 94 92 91 87 84 79 79 81 86 86 85 85 83 83 75 71 72 74 76 79 79 78 82 72 80 75 79 84 83 87 85 73 79 81 84 84 80 81 82 84 90 85 84 94 87 82 86 81 81 80 80 88 85
90 91 92 97 93 86 81 83 84 84 80 84 88 92 91 90 84 82 83 89 94 95 95 94 97 97 94 95 101 98 97 91 88 92 85 79 82 89 88 93 91 95 93 87 85 87 86 89 82 79 79 91 86 77 78 79 70 68 71 76 75 76 76 77 74 78 76 75 80 84 79 83 86 78 79 83 89 82 87 83 91 84 83 93 92 82 86 81 88 89 90 85 85 82 83 86
90 95 97 94 96 92 86 87 81 87 85 86 90 91 89 86 86 83 90 92 94 91 91 95 96 97 96 96 96 101 99 90 92 92 87 85 87 92 90 96 92 91 89 90 90 92 91 92 89 88 92 90 88 83 74 76 70 77 75 77 75 75 74 74 75 72 73 76 77 77 76 79 84 75 80 82 82 85 91 93 91 90 95 84 83 90 78 83 91 87 85 82 83 84 83 83
91 96 92 90 93 93 93 85 82 85 88 90 91 91 89 88 90 88 90 92 92 90 93 93 94 96 95 97 98 100 101 93 90 92 94 91 90 92 93 96 89 88 89 93 92 88 92 92 89 89 91 88 87 79 80 72 70 80 77 77 79 76 73 74 76 73 74 79 78 75 77 77 80 78 82 80 85 81 92 85 89 81 82 85 82 85 82 85 87 85 85 81 79 81 80 82
