02_numpy_matplotlib_scipy/exercises/data/TAMM_17_2015_01.asc
NCOLS 654
NROWS 866
XLLCORNER 3280414.711633467
YLLCORNER 5237500.62890625
CELLSIZE 1000
NODATA_VALUE -999
[rows 720 to 764 of 866, columns 192 to 287 of 654]
94 96 94 102 99 97 96 103 98 93 94 94 94 96 98 100 103 104 103 103 103 101 99 98 99 99 103 103 103 97 104 102 103 101 102 100 101 104 106 105 105 106 107 107 113 113 109 108 109 110 109 108 108 109 108 105 102 103 102 102 103 98 86 98 84 82 93 94 98 95 95 82 84 82 83 89 94 91 95 92 93 84 81 83 84 85 86 87 89 90 92 92 91 91 90 89
94 94 95 96 102 96 101 99 94 93 93 95 96 97 97 99 102 104 105 104 104 103 102 101 103 97 99 99 97 101 101 103 105 102 104 101 102 103 107 105 106 106 108 108 113 108 112 111 109 108 108 109 108 108 105 106 104 101 99 99 99 101 97 91 92 83 88 82 87 98 89 84 82 86 84 91 90 93 83 87 82 83 82 83 84 85 86 87 88 88 90 91 93 91 89 90
93 94 93 95 102 101 100 100 95 93 94 96 96 97 99 100 101 104 105 105 105 104 103 104 104 103 100 99 101 101 100 103 106 104 105 102 103 104 105 109 108 106 107 110 112 109 110 111 109 108 107 107 106 107 105 105 103 100 99 88 94 101 99 87 83 82 82 89 96 91 84 87 84 83 84 83 83 92 88 81 83 83 82 83 84 85 86 86 86 87 88 89 89 93 90 89
97 98 94 96 95 101 97 104 95 96 95 96 97 98 99 101 102 103 104 105 105 105 104 104 106 105 102 102 103 103 106 107 108 105 104 103 104 104 107 109 108 110 110 113 111 110 111 112 110 109 105 105 103 103 104 103 92 90 88 88 93 101 98 86 83 82 83 80 85 83 82 85 82 80 80 83 88 81 83 81 81 82 82 83 83 84 85 86 86 86 87 88 89 91 91 90
97 99 100 95 95 96 104 104 99 96 96 97 99 99 100 101 101 102 103 104 104 104 104 105 105 105 100 101 100 100 102 101 104 104 103 104 106 104 109 109 112 111 111 113 110 110 110 111 111 108 105 103 97 100 102 104 104 88 88 88 89 97 100 88 84 83 82 83 84 85 83 82 83 80 79 83 79 80 83 80 81 82 83 82 83 84 85 85 84 85 86 89 89 93 90 92
100 97 101 99 101 102 99 102 97 96 97 98 98 100 101 101 102 102 103 103 104 106 105 105 106 105 102 104 103 103 103 101 105 105 105 106 109 106 111 109 108 110 109 110 110 109 108 111 111 109 105 107 104 101 95 99 100 94 88 88 88 89 91 99 87 85 84 81 82 80 82 80 79 80 79 81 80 81 82 81 81 81 82 83 83 83 83 84 83 85 87 89 90 89 89 92
96 97 99 94 94 96 100 98 97 96 98 99 100 100 102 102 102 103 103 102 103 104 106 107 107 107 101 105 103 103 104 105 109 109 110 110 108 110 108 107 107 109 109 110 112 111 110 111 110 111 109 109 108 107 102 99 88 88 89 88 88 87 87 87 97 95 84 83 82 80 81 79 79 78 79 81 82 82 82 82 81 82 82 82 83 82 84 83 82 84 85 87 87 87 90 90
93 98 94 94 96 97 98 97 97 98 98 99 100 100 101 102 103 103 102 102 103 104 101 106 107 108 108 108 109 109 109 109 106 110 110 105 106 106 110 107 107 108 108 109 110 108 108 109 106 109 107 104 100 105 104 99 90 89 92 89 90 88 88 91 86 83 87 81 79 81 77 79 81 79 80 81 81 81 81 82 81 82 82 82 81 83 84 83 83 85 84 86 86 87 89 89
93 93 95 96 97 101 97 97 97 97 98 99 100 100 101 102 102 102 102 103 103 105 105 105 107 107 107 105 104 104 109 110 110 110 108 105 105 106 109 108 108 107 108 108 108 108 106 105 106 104 105 92 87 102 105 97 89 90 89 95 96 88 87 85 83 81 82 80 81 81 79 79 80 80 80 81 80 81 81 81 82 83 83 82 82 83 83 84 82 85 84 85 88 88 88 89
94 94 94 94 96 96 97 96 97 98 100 100 100 100 100 101 102 103 103 103 103 104 106 107 107 108 108 108 107 108 109 110 106 107 106 105 107 108 107 110 109 108 108 108 106 104 101 102 105 100 104 87 90 86 97 104 90 90 96 94 92 87 86 85 83 81 81 81 80 81 78 79 79 82 81 83 82 81 82 82 82 83 83 82 82 82 85 83 83 85 84 86 88 88 90 90
92 93 95 96 98 97 96 97 98 100 101 101 100 101 101 102 101 103 104 104 103 104 105 107 108 109 109 109 110 109 109 105 108 103 104 105 107 107 108 109 109 109 110 110 103 93 102 101 95 89 94 87 85 95 101 92 101 101 92 91 85 85 85 83 85 84 80 78 81 82 79 81 79 82 80 80 81 81 82 83 82 82 81 83 83 85 86 83 84 84 87 87 87 88 88 88
96 95 98 96 95 96 98 99 100 100 100 100 100 102 102 100 101 100 103 104 106 105 105 109 109 109 109 109 109 109 107 103 107 104 104 105 106 105 107 108 108 107 107 106 106 102 104 96 92 88 88 87 87 86 99 96 88 100 89 93 85 85 84 83 83 85 83 79 81 80 79 79 79 79 80 83 83 81 81 82 83 83 83 84 84 84 85 86 86 86 87 87 88 88 88 89
97 95 95 97 98 99 100 101 102 102 101 100 100 101 100 101 101 101 102 103 105 105 108 109 109 109 109 108 104 105 105 103 107 106 106 105 105 105 105 106 106 106 106 103 106 106 104 97 91 87 89 88 87 87 86 85 88 100 86 86 84 85 85 84 83 85 81 81 81 80 82 81 81 81 82 82 81 84 83 82 83 83 83 84 84 85 86 87 87 86 87 87 87 88 88 89
96 95 97 98 100 101 100 104 101 101 101 101 100 100 99 102 105 101 101 103 107 107 105 107 108 106 102 108 104 102 102 107 106 106 105 105 105 103 103 104 106 105 102 102 102 100 100 102 99 89 90 89 89 86 88 85 87 86 95 88 87 87 89 86 85 83 81 81 79 80 79 81 81 80 79 83 81 83 83 83 82 82 83 84 84 86 85 86 89 87 87 87 87 88 89 89
94 95 99 98 100 100 99 101 100 100 102 101 101 101 100 100 100 106 107 107 104 103 103 104 105 100 103 107 101 102 103 105 106 106 104 103 101 98 96 102 100 100 101 102 101 97 98 93 87 85 87 89 88 86 85 87 87 86 88 90 85 86 92 87 83 83 79 82 82 79 78 80 79 80 81 83 83 82 83 82 83 82 84 85 86 87 87 88 90 88 87 87 87 89 89 89
94 95 97 100 99 100 103 106 104 107 106 106 100 105 100 102 105 107 102 101 107 102 102 104 98 101 103 104 106 103 104 106 105 106 105 104 101 101 100 100 102 101 101 100 99 102 93 88 94 90 89 89 89 86 87 88 87 87 85 88 93 88 86 81 82 83 83 80 79 80 80 80 80 81 80 81 82 81 84 83 82 83 85 85 86 86 86 86 86 87 87 90 88 89 90 89
95 101 96 104 104 100 101 101 100 99 101 100 104 102 103 107 100 101 100 102 103 104 103 101 99 100 100 102 101 103 104 106 104 105 104 103 98 99 98 95 97 97 96 97 88 96 101 99 86 89 85 86 88 89 89 85 86 84 84 81 86 90 86 85 83 83 79 79 82 81 82 80 79 79 80 81 81 84 83 83 84 85 84 85 86 86 86 86 85 86 86 87 88 89 94 89
94 95 106 102 98 99 100 98 99 99 106 99 99 99 99 99 100 101 102 102 103 105 104 104 104 100 99 99 101 102 104 105 104 104 103 100 100 97 99 95 93 91 86 91 91 86 100 91 88 86 85 85 87 90 89 89 83 82 79 81 84 84 85 83 85 85 80 79 81 80 80 79 82 82 81 82 83 83 83 84 85 85 85 86 85 86 86 86 86 87 87 87 87 93 91 89
105 104 98 101 98 98 98 99 100 99 101 100 98 100 101 100 100 105 102 103 104 105 103 98 101 103 103 102 102 103 104 103 104 102 103 96 93 88 90 88 93 89 91 84 90 96 99 88 88 84 88 86 86 89 87 88 85 83 82 85 86 85 84 83 84 85 84 81 82 81 81 79 81 81 80 82 82 83 84 87 86 86 85 86 89 86 86 86 86 86 86 89 89 92 95 95
106 97 97 98 98 99 98 99 100 101 105 99 98 100 101 101 103 105 103 104 104 104 101 101 100 100 100 102 102 102 104 103 101 100 99 98 95 91 89 86 84 84 84 85 84 85 97 88 87 86 87 86 89 87 89 88 85 87 86 84 84 86 86 86 85 85 83 82 81 81 81 81 82 82 81 83 85 85 85 86 86 85 85 85 86 93 94 87 87 94 93 94 91 91 89 94
97 98 99 97 98 98 99 99 99 99 106 104 100 100 100 101 102 103 104 104 102 101 103 101 102 100 101 102 101 103 103 103 101 100 97 92 87 90 87 84 84 85 83 86 84 86 83 92 89 87 88 89 89 88 88 88 89 88 86 87 86 85 83 83 84 81 81 82 81 81 82 82 82 82 82 83 83 84 86 84 85 86 89 89 94 94 94 90 95 92 90 89 91 88 89 90
98 106 105 99 100 99 99 99 99 101 99 106 99 101 101 101 102 103 104 101 98 99 101 100 99 102 100 100 103 102 102 101 96 96 99 94 92 80 82 83 85 85 86 86 85 83 86 86 89 89 87 86 87 86 86 82 88 87 85 88 85 81 83 82 84 81 80 83 82 83 86 84 82 82 83 83 83 85 85 84 86 85 85 90 94 85 88 91 92 86 87 89 90 88 89 91
104 100 101 104 101 101 102 99 99 100 99 99 101 100 101 101 102 103 105 105 103 98 99 98 99 101 100 101 102 101 100 99 88 84 96 96 86 87 85 83 84 85 87 85 81 83 86 87 89 88 86 86 85 87 86 83 86 88 89 85 83 81 82 82 80 84 82 82 82 86 82 88 84 83 85 83 83 85 85 85 88 86 89 91 89 86 87 86 90 88 90 91 89 88 91 92
98 99 100 101 103 104 101 101 100 99 99 101 105 101 101 104 104 104 104 104 105 104 100 101 100 99 100 100 96 97 91 92 90 94 96 95 91 86 86 84 84 85 85 88 83 85 86 87 87 86 86 85 85 86 86 85 86 84 87 88 85 88 83 83 82 84 83 82 83 83 83 84 91 87 85 85 85 86 86 86 91 95 94 89 93 91 88 87 88 90 89 89 90 91 93 93
100 103 100 101 101 103 97 98 97 98 99 101 101 101 101 101 101 100 102 104 98 104 100 103 102 101 99 98 97 91 90 82 89 92 85 86 87 87 84 84 85 85 87 86 85 86 87 86 85 85 84 84 85 85 86 85 86 88 85 89 87 90 85 85 82 82 85 86 83 85 84 84 85 91 85 92 92 93 92 93 92 94 94 87 88 90 88 90 91 92 91 92 93 94 95 94
99 99 99 101 102 101 101 95 98 97 100 99 102 100 102 102 100 96 97 102 100 103 100 101 102 100 99 98 95 91 94 89 82 83 84 80 85 87 88 84 84 83 88 84 85 87 87 86 86 83 84 85 85 85 84 85 85 86 85 85 84 81 85 86 84 83 83 85 84 85 89 85 88 83 85 86 85 84 85 86 94 95 94 92 88 89 89 90 91 91 92 94 94 95 96 96
98 99 100 101 100 99 98 98 101 101 102 100 102 102 104 101 101 100 100 100 101 102 102 98 101 101 100 100 98 96 92 82 82 84 85 86 81 85 89 82 84 89 87 84 85 86 87 87 83 82 84 85 85 85 85 84 84 84 84 84 83 83 85 90 83 85 82 85 83 84 86 84 84 85 85 84 85 88 92 94 95 92 95 92 91 89 89 91 92 94 94 95 96 95 95 98
98 99 100 100 100 92 99 101 101 101 102 103 103 101 103 104 97 96 98 98 98 100 102 99 98 100 99 98 95 98 95 82 82 83 84 85 87 83 88 89 87 85 86 84 85 86 86 84 84 82 85 85 86 84 86 84 83 83 82 84 81 82 84 88 89 86 83 84 83 83 83 84 83 85 85 86 85 87 93 93 93 94 93 94 91 90 91 93 94 95 94 95 96 96 95 98
98 99 100 99 90 94 95 102 97 97 101 102 101 100 101 104 101 97 100 100 97 99 102 98 97 98 98 99 94 91 95 90 87 83 84 86 88 88 84 82 83 87 85 85 86 87 86 85 83 83 84 85 84 84 85 84 84 83 83 85 82 85 86 85 90 85 83 84 83 83 85 85 85 87 86 88 88 91 91 90 94 96 92 92 91 91 93 94 94 94 96 97 97 97 98 98
97 98 99 96 98 96 96 101 95 98 100 99 98 98 99 102 102 102 101 98 97 99 98 99 93 91 96 97 95 94 95 94 88 89 84 84 81 84 85 84 83 89 87 87 86 87 85 82 82 85 85 85 85 85 83 82 84 85 81 85 86 86 87 85 86 85 88 83 84 85 87 88 86 87 88 89 90 90 92 92 96 96 94 92 92 91 91 93 93 94 94 95 96 98 98 98
97 98 97 97 97 100 98 100 97 97 98 97 96 98 96 98 99 102 100 100 99 98 99 98 97 92 87 92 96 89 89 90 92 84 84 82 79 83 83 84 84 88 87 85 85 86 85 84 83 85 84 85 84 85 83 83 82 84 83 84 84 86 85 86 90 89 84 83 84 84 88 89 88 88 88 89 90 88 90 92 96 94 91 92 93 93 94 95 95 95 96 97 97 98 98 97
96 93 92 96 95 96 95 98 100 95 95 98 97 96 97 99 100 101 99 97 98 98 96 96 92 89 79 80 90 81 85 87 91 81 86 85 81 82 81 84 84 87 86 85 86 88 85 83 81 84 84 85 86 84 84 84 84 85 84 85 85 86 85 90 92 85 86 84 85 85 89 88 88 86 88 89 88 87 91 93 96 96 93 94 94 94 95 96 97 97 97 97 97 98 98 97
97 94 92 92 92 91 96 96 98 96 95 96 98 97 99 100 100 101 100 99 98 96 95 93 83 81 80 80 79 83 88 84 91 88 86 87 83 87 82 84 85 84 86 85 86 84 83 82 83 84 84 85 84 84 82 85 84 86 84 85 86 86 87 88 88 87 85 84 87 90 90 88 87 86 87 86 86 89 92 94 95 96 95 95 94 94 94 95 96 98 97 97 97 97 97 97
94 96 91 90 90 91 93 97 96 98 96 95 97 99 98 99 101 101 97 98 97 93 90 90 87 82 83 83 80 78 82 87 86 85 85 89 88 90 88 84 87 85 86 89 87 84 82 82 84 85 84 84 84 84 85 87 85 85 85 88 87 86 85 90 91 87 86 85 89 90 88 85 86 86 87 91 90 93 93 96 96 97 95 94 94 96 97 97 97 97 98 97 97 97 97 97
96 96 93 94 92 91 93 94 95 96 96 95 99 97 97 100 101 101 99 98 94 87 82 80 81 86 81 86 82 81 80 85 85 80 81 82 84 83 83 90 86 84 86 90 85 83 85 83 84 84 83 85 84 84 84 85 84 85 89 85 88 87 85 88 87 88 87 90 89 90 87 86 87 87 91 91 95 96 94 94 96 95 97 97 97 98 98 97 97 98 97 97 97 97 98 97
95 96 94 91 90 92 90 93 92 91 93 97 95 98 99 103 102 100 97 97 93 93 90 87 82 83 83 87 83 82 81 85 80 82 82 80 83 82 84 85 88 86 86 89 86 86 84 84 82 84 85 84 84 85 85 83 84 83 84 88 86 86 86 88 88 87 91 92 89 90 90 87 90 94 94 94 93 92 94 94 95 97 95 95 95 96 97 97 98 97 97 98 98 98 98 96
95 95 93 90 92 91 93 94 93 93 93 94 97 97 97 98 101 98 96 92 87 91 93 91 83 87 85 84 88 80 82 82 80 82 81 83 83 84 86 85 89 86 89 87 85 85 84 84 84 83 84 85 84 84 85 84 83 83 83 82 88 87 86 85 86 91 90 90 91 93 92 91 94 92 91 92 93 93 93 95 96 97 97 96 96 96 96 97 98 98 98 98 98 98 98 96
94 94 96 97 94 91 95 93 93 93 94 95 98 99 99 100 98 100 99 94 97 96 90 84 87 89 86 83 87 81 80 82 82 81 83 83 83 82 82 85 90 88 87 90 87 84 84 84 84 84 83 84 84 84 84 84 83 83 83 85 87 87 86 86 85 88 92 91 90 88 93 93 95 92 92 93 92 92 94 95 97 97 97 96 96 96 96 96 97 98 98 98 97 97 97 98
98 95 97 90 89 90 92 93 94 93 93 95 98 93 99 98 98 98 99 98 96 91 81 82 87 91 84 86 84 89 82 80 83 83 84 84 84 85 84 86 90 91 87 90 89 85 84 84 84 83 84 83 84 84 84 84 84 83 82 86 84 89 87 84 86 86 91 93 92 94 95 95 95 94 94 95 94 94 94 95 97 97 97 96 96 96 97 97 97 98 98 98 97 96 96 97
93 95 96 95 93 90 92 90 93 93 93 94 95 96 96 96 96 97 97 99 93 82 83 83 90 92 85 85 81 90 84 82 84 83 85 87 85 85 85 88 89 88 89 88 90 86 87 84 83 84 83 84 84 84 85 83 84 84 82 83 88 90 89 88 87 90 93 93 91 93 93 93 94 95 95 95 96 95 96 97 97 96 96 96 96 96 97 96 97 98 98 98 97 96 96 96
92 94 94 94 91 93 94 91 90 92 93 93 93 91 92 88 89 95 87 94 97 98 85 81 82 101 83 80 80 92 81 83 84 83 85 85 88 86 86 87 87 87 88 90 91 90 84 84 84 83 83 83 83 83 85 83 84 85 87 87 89 86 90 93 88 88 92 94 91 91 93 91 92 94 96 95 96 96 97 97 97 96 95 95 95 96 96 97 97 98 98 98 97 96 96 96
92 91 92 86 88 91 92 92 90 91 91 92 88 77 83 81 85 80 79 90 90 91 96 96 95 90 89 89 90 92 83 84 83 84 85 83 86 85 87 87 88 88 87 91 90 85 84 84 82 82 83 83 84 84 84 85 83 84 88 89 87 83 83 89 92 93 92 92 93 91 91 91 93 92 94 95 96 97 97 97 95 95 95 96 96 96 96 97 97 97 98 97 97 96 96 96
93 93 93 92 87 89 90 90 91 91 93 92 85 76 86 85 89 81 84 81 92 82 94 88 89 87 89 89 89 93 92 85 83 85 85 85 85 86 88 90 89 88 87 87 90 85 83 82 81 82 83 84 83 82 84 88 85 81 84 88 86 84 82 84 93 93 91 91 91 90 90 90 93 93 94 95 94 95 96 96 96 95 95 96 96 97 97 97 97 97 97 97 96 97 97 96
93 91 88 85 86 87 89 90 89 90 92 93 91 84 86 91 87 88 87 81 83 82 90 83 86 82 83 83 84 83 85 93 86 86 85 85 87 87 89 89 90 88 88 90 87 84 83 82 82 82 84 83 84 84 85 83 87 89 84 86 82 82 88 91 92 92 91 91 90 89 89 90 93 94 93 94 95 96 96 96 96 96 95 96 96 96 96 96 97 97 97 97 96 96 95 95
92 91 92 91 90 87 87 88 89 86 91 91 90 93 91 85 80 81 85 85 82 82 83 81 85 82 84 83 85 84 85 86 91 92 88 86 87 89 90 89 90 89 89 90 85 83 82 82 82 84 85 83 85 87 84 87 87 83 84 84 82 90 91 91 92 92 92 91 90 89 91 92 92 92 94 96 95 95 95 96 96 96 95 95 95 96 96 96 96 97 97 97 96 96 97 95
