02_numpy_matplotlib_scipy/exercises/data/TAMM_17_2015_01.asc
NCOLS 654
NROWS 866
XLLCORNER 3280414.711633467
YLLCORNER 5237500.62890625
CELLSIZE 1000
NODATA_VALUE -999
[rows 405 to 449 of 866, columns 192 to 287 of 654]
92 90 90 89 88 85 90 91 88 92 91 96 92 96 95 89 90 93 90 90 90 91 92 95 93 90 91 92 94 97 98 98 100 101 101 101 101 97 94 95 95 94 93 92 96 94 96 97 95 98 99 98 99 96 97 98 98 98 99 98 96 93 93 95 95 97 93 96 98 99 94 95 105 104 101 99 97 101 100 96 91 95 90 90 93 93 94 94 92 96 99 100 99 94 96 96
92 89 88 88 87 86 84 96 96 92 96 89 93 90 91 90 90 91 90 89 91 90 95 93 92 89 90 93 94 96 96 97 100 101 101 101 101 99 99 95 92 94 94 93 91 94 97 99 95 95 96 98 99 97 98 98 97 98 98 98 96 94 94 94 97 99 97 104 100 101 102 100 104 101 96 100 98 100 100 101 100 96 96 97 96 94 94 96 97 98 97 99 100 98 99 94
90 88 90 85 89 89 96 86 83 88 93 102 96 89 88 88 91 89 90 89 90 94 94 91 90 92 89 91 94 95 98 100 100 101 100 100 98 100 95 94 95 95 94 93 95 97 97 99 96 92 96 97 98 97 96 96 97 96 97 98 96 96 97 95 97 97 100 104 105 97 100 103 97 98 92 94 99 100 101 102 103 102 101 97 98 95 92 94 95 93 96 99 100 100 97 97
87 87 86 90 91 90 89 87 90 90 95 90 90 86 87 88 88 89 89 90 90 93 90 88 91 90 92 94 96 95 98 99 100 100 100 98 96 99 94 94 98 98 95 92 92 95 97 98 98 90 94 97 97 95 95 95 97 96 97 98 98 98 98 97 96 95 101 100 94 93 94 100 93 92 89 94 96 99 102 104 105 104 103 99 100 94 92 90 94 96 98 99 99 100 100 98
83 83 91 92 91 88 84 87 92 90 89 89 91 91 91 87 88 88 90 91 91 90 90 88 89 91 94 95 95 95 99 98 96 97 98 96 96 98 99 98 98 96 96 94 94 93 96 97 97 88 91 95 95 95 94 95 94 94 97 99 98 99 101 99 97 96 104 100 96 93 92 92 95 89 87 89 89 95 96 98 101 102 104 104 101 100 94 87 88 92 97 98 98 99 100 100
87 91 83 87 83 87 91 93 93 86 88 86 89 91 90 87 87 88 89 91 88 90 90 91 91 91 93 95 97 95 97 97 95 97 98 96 96 100 100 97 96 97 96 97 94 92 91 95 97 96 91 91 90 93 96 97 99 96 100 101 100 98 100 103 100 98 98 102 98 94 93 91 90 89 87 85 84 86 88 93 100 100 103 104 100 95 93 91 87 90 98 98 96 100 98 91
82 83 83 84 87 92 85 89 91 87 84 89 91 92 92 87 86 88 88 88 88 89 92 90 91 94 94 96 95 97 96 100 95 95 98 96 97 98 97 99 95 94 92 95 94 88 85 95 96 97 89 88 90 95 97 98 99 99 100 101 101 100 100 103 102 102 105 103 98 96 94 91 90 90 89 85 83 90 96 96 92 95 101 100 104 103 96 98 95 97 100 98 94 97 98 91
84 88 79 87 89 85 86 88 89 84 85 89 91 89 91 88 85 86 86 87 91 92 94 92 92 91 95 93 92 94 99 95 94 97 96 96 95 97 95 100 94 90 95 95 91 84 84 94 96 96 94 82 89 93 96 96 97 98 99 100 101 102 100 101 101 103 104 97 95 95 97 93 92 94 91 87 86 85 93 95 92 93 100 101 102 101 104 101 101 102 99 95 97 96 97 97
85 82 80 90 81 80 89 90 90 86 86 90 90 85 88 87 87 83 87 88 89 93 96 94 95 94 95 99 97 98 94 93 94 95 95 94 96 95 97 98 98 97 97 95 94 89 87 93 95 96 94 94 92 91 91 92 95 97 99 99 102 103 101 101 101 98 101 99 98 96 96 97 94 97 95 92 89 86 87 92 93 98 99 96 94 100 103 104 104 103 94 100 92 92 94 96
81 80 86 84 78 76 86 86 87 88 84 87 90 88 85 85 83 83 86 90 95 96 95 97 98 98 98 98 97 94 93 92 96 94 93 95 94 96 96 98 99 97 96 96 95 93 91 91 95 93 91 89 87 88 87 90 96 99 101 102 102 103 103 102 101 101 100 102 95 94 100 97 97 94 93 91 89 87 86 89 93 98 97 100 100 99 96 103 104 103 96 102 96 88 91 94
69 86 80 81 79 79 83 80 87 84 84 86 87 85 87 87 87 85 88 93 94 95 96 93 97 96 95 98 97 91 91 94 94 93 93 93 95 97 96 98 95 94 94 95 94 94 90 93 95 93 90 83 84 82 82 89 95 100 101 102 103 102 104 104 104 105 103 99 98 101 96 98 97 96 93 90 92 87 83 88 94 94 93 96 97 98 99 96 104 103 103 103 100 98 90 87
76 78 83 79 82 78 81 83 87 85 85 85 85 83 86 85 86 86 89 92 95 96 95 95 91 95 94 93 95 94 91 91 92 92 93 93 94 93 97 97 96 95 86 92 94 93 93 90 93 91 85 80 80 81 85 90 97 100 102 102 103 103 104 105 105 104 103 100 103 97 93 93 97 98 96 93 89 84 81 88 91 91 92 96 97 97 101 97 101 101 102 103 103 104 96 94
76 85 78 74 83 82 87 85 87 83 83 78 78 81 81 80 83 89 92 92 94 95 91 92 90 94 95 95 96 90 89 89 92 92 92 92 94 93 96 97 96 95 94 93 93 93 92 86 92 92 88 81 79 84 86 86 95 99 101 102 103 103 104 104 104 104 102 102 100 98 96 94 93 96 96 96 93 93 90 85 80 80 91 95 92 98 99 95 98 101 95 100 101 101 103 101
82 80 74 75 73 77 84 81 81 80 82 80 84 84 83 83 88 90 91 92 94 94 90 91 93 94 95 94 92 94 92 89 92 90 91 90 92 94 94 95 95 96 94 93 93 91 90 89 92 87 89 85 85 86 83 87 94 99 101 102 103 103 104 104 104 104 102 102 101 100 98 98 98 95 90 90 89 92 92 85 84 80 88 93 94 97 99 94 87 93 93 102 100 95 102 104
78 77 78 77 75 78 80 85 86 87 84 82 84 85 85 87 89 90 90 91 92 89 90 91 92 92 93 94 89 93 93 89 91 89 90 89 90 93 93 94 94 94 93 93 93 92 90 91 92 90 88 92 92 91 86 88 96 100 102 102 103 104 104 104 104 103 101 102 102 99 101 100 98 94 88 87 82 86 86 89 84 79 83 86 89 86 99 97 87 91 99 92 91 97 102 103
72 78 75 76 78 81 79 82 83 84 86 85 86 86 85 88 90 90 90 90 88 89 91 93 92 90 92 93 88 92 90 87 89 88 90 92 91 94 94 93 94 93 95 93 93 91 92 91 92 92 90 93 96 95 96 95 98 103 103 103 104 104 103 103 103 102 101 100 101 100 100 99 99 92 90 84 87 81 82 87 84 83 81 84 81 89 100 94 84 95 100 89 93 95 103 103
69 71 75 76 71 77 79 81 83 87 86 89 85 83 84 89 90 90 90 90 89 91 92 93 94 92 93 92 89 87 86 87 87 88 90 91 92 86 93 93 94 94 94 94 93 92 92 93 93 88 86 93 96 98 99 97 98 102 103 103 101 102 103 103 103 100 101 101 100 99 97 95 93 95 96 91 86 85 82 84 83 81 83 89 84 95 95 92 87 95 96 94 93 95 101 103
75 71 71 72 70 80 84 83 86 85 89 88 85 82 87 88 91 91 90 91 90 90 92 93 93 94 91 90 86 88 87 87 87 87 90 90 90 91 94 94 95 95 95 94 93 91 94 93 91 88 85 92 96 99 99 100 99 101 103 102 101 101 103 101 99 99 100 100 98 96 94 94 90 89 95 95 94 91 89 90 88 86 88 92 90 96 90 85 93 93 94 93 94 92 97 103
74 68 76 83 84 83 87 87 85 89 87 88 88 85 87 85 90 91 90 90 91 90 92 93 93 93 91 90 89 90 90 92 89 87 88 87 91 91 94 94 96 91 93 94 95 93 95 95 90 91 89 89 93 98 99 100 101 102 99 100 101 101 104 99 94 95 98 96 94 91 91 89 87 84 86 96 88 90 90 87 84 89 89 87 92 96 87 85 91 93 94 96 95 95 92 100
70 72 81 78 86 88 85 89 86 89 85 88 89 87 85 83 91 92 91 90 92 89 92 93 93 95 90 90 89 90 93 93 91 91 89 89 92 93 94 94 96 92 91 94 96 96 95 92 93 94 89 83 93 98 100 100 100 101 99 99 102 102 103 95 92 93 96 94 92 91 90 86 88 85 88 95 93 94 85 80 76 85 86 85 92 92 83 88 83 90 96 98 96 94 93 96
70 72 79 82 80 85 86 87 84 85 89 91 88 86 86 87 91 92 92 92 91 89 92 92 92 96 90 91 93 91 93 94 92 93 92 87 91 92 91 94 97 94 94 90 94 97 90 94 96 94 90 88 93 97 99 100 99 101 100 100 103 100 98 94 90 91 95 96 94 90 87 86 88 91 95 88 84 84 88 85 85 88 89 89 93 88 83 78 88 90 95 98 98 95 94 94
78 78 80 85 81 82 80 85 87 87 88 88 82 86 87 88 92 92 90 91 90 89 90 92 91 93 93 93 94 92 92 89 92 93 93 89 88 89 90 93 96 97 94 94 92 97 97 96 97 95 94 94 89 98 100 99 100 99 101 101 103 100 99 96 90 90 91 91 92 88 85 86 89 93 95 86 86 88 87 84 82 88 88 91 92 86 75 70 80 91 95 99 97 98 96 99
75 77 81 77 84 86 87 87 85 88 90 91 87 86 88 88 91 92 90 91 93 89 91 93 92 91 93 93 96 96 89 90 92 94 93 89 87 88 90 93 95 97 95 94 95 97 99 97 97 96 97 95 97 98 101 100 101 101 100 104 102 100 99 98 94 94 90 86 90 88 86 89 90 92 92 94 90 88 88 86 87 89 88 91 84 81 72 72 74 88 92 96 97 98 97 99
69 77 84 84 85 87 88 88 88 87 91 92 86 87 88 88 89 89 90 89 92 90 90 93 92 91 91 96 95 91 92 92 92 92 94 91 90 88 88 92 94 97 97 94 90 96 98 97 97 98 98 98 97 100 100 101 100 101 102 104 104 102 99 100 96 91 91 90 92 90 87 92 90 90 89 93 92 91 90 90 90 90 89 88 88 83 74 73 79 90 94 95 97 97 97 98
74 76 80 87 89 86 89 90 89 90 89 89 86 89 89 89 90 89 91 94 89 89 91 96 94 94 91 96 90 93 94 97 92 97 93 91 94 91 90 88 92 92 98 93 93 96 98 100 100 99 98 98 93 98 99 99 99 101 101 104 103 102 98 97 97 95 91 93 92 94 95 92 93 91 91 91 91 91 91 90 90 93 93 87 90 83 78 73 90 91 94 96 95 97 98 100
79 80 85 87 90 88 88 89 91 91 90 90 86 88 91 89 88 90 89 95 91 96 92 93 94 90 91 94 98 98 98 98 94 95 93 93 95 92 91 90 93 95 97 95 89 95 98 99 100 98 98 97 97 98 95 99 101 102 103 101 101 103 103 96 98 94 96 98 98 95 90 87 93 89 89 89 86 90 90 89 89 91 93 89 90 90 87 80 89 92 91 97 95 97 99 99
83 89 82 84 88 90 90 91 92 92 90 86 88 88 91 91 87 87 88 95 98 93 97 94 98 90 98 99 98 97 95 100 91 99 98 97 98 95 94 92 93 95 96 97 93 95 98 98 99 97 97 97 97 98 98 100 100 99 103 103 99 103 103 99 99 96 98 92 93 91 91 88 86 86 86 86 83 88 91 91 91 93 92 93 95 90 93 91 92 93 91 95 97 94 97 99
80 80 88 87 89 90 88 91 93 91 92 89 88 88 90 88 85 87 87 97 94 92 92 99 97 96 93 98 99 91 97 99 94 98 99 99 99 98 95 92 92 93 96 98 96 96 97 98 99 100 99 99 98 99 98 98 98 100 101 102 100 101 102 103 99 100 94 90 91 88 91 91 86 90 89 88 85 89 89 89 89 91 91 92 92 95 92 94 94 93 91 89 97 96 95 98
70 78 84 84 89 86 87 89 91 91 92 91 88 89 89 92 91 88 89 93 98 88 88 87 88 94 96 95 93 85 94 100 100 100 100 100 100 100 96 91 95 91 96 97 96 97 99 99 100 101 100 100 100 100 99 100 99 100 104 98 97 95 94 101 103 100 100 98 94 89 95 89 89 93 85 84 88 93 88 87 90 89 83 88 93 91 96 97 93 98 96 92 93 96 97 101
75 84 84 85 84 89 88 87 90 94 93 94 90 90 93 96 96 91 91 92 96 93 91 87 87 95 91 90 84 84 89 91 96 93 95 97 99 101 101 95 96 93 95 97 91 97 98 99 100 100 100 100 101 101 102 100 99 102 103 100 95 96 98 97 93 103 103 94 90 90 97 90 95 88 85 91 93 90 87 91 87 85 85 90 88 91 90 93 98 97 98 97 97 91 89 93
77 84 85 88 90 89 89 92 92 91 92 91 94 90 95 89 96 93 92 97 94 94 85 86 93 87 88 85 84 81 86 95 96 99 99 98 98 101 101 100 99 93 94 99 98 94 97 98 98 98 98 98 99 99 100 101 101 103 103 102 100 97 96 96 96 97 102 98 92 98 98 98 92 85 89 96 88 89 92 89 89 86 86 88 88 87 91 95 100 96 93 96 99 99 99 98
86 83 84 83 86 87 91 93 91 94 91 87 91 90 91 91 96 93 88 97 92 90 85 85 84 95 81 88 91 95 89 97 97 94 95 95 96 98 100 100 100 100 96 97 100 98 98 98 98 98 98 98 98 98 99 100 101 103 102 99 96 98 96 94 99 103 100 97 100 95 92 91 87 93 97 91 85 96 91 92 91 93 89 93 93 92 93 96 97 91 92 93 101 99 101 101
88 85 85 89 89 88 91 93 90 89 90 92 91 89 91 91 92 94 97 89 88 95 92 86 85 78 80 90 95 90 90 96 90 93 92 94 95 96 98 100 100 100 100 100 100 100 100 100 100 100 99 99 98 98 99 100 102 102 101 97 95 97 94 96 99 103 100 100 96 92 91 92 91 97 98 89 88 96 88 91 93 91 91 93 92 92 95 97 96 93 95 98 98 94 98 101
88 87 87 86 89 87 89 92 94 92 91 92 92 93 91 93 95 95 96 94 89 93 90 85 83 82 90 89 87 94 90 92 92 87 90 95 100 98 98 95 95 97 98 95 98 100 100 100 100 101 101 101 100 100 101 102 102 101 99 100 97 95 93 95 99 96 96 94 93 96 96 93 96 100 96 93 93 92 94 95 94 93 89 92 95 95 94 95 94 93 97 97 94 92 94 99
89 90 89 91 89 91 91 91 90 91 88 94 93 94 91 94 92 97 91 95 90 91 90 88 80 87 91 85 90 94 89 92 93 92 93 96 94 95 95 92 92 96 94 96 96 99 100 100 100 101 101 101 101 101 102 102 101 95 96 99 96 94 91 97 96 103 102 102 100 101 101 100 100 96 96 97 98 97 96 94 94 92 91 93 95 94 92 92 90 91 91 96 94 97 95 93
84 88 91 89 92 85 88 88 86 86 88 91 94 93 93 96 95 93 88 89 90 90 88 87 84 89 85 86 89 93 87 88 88 87 93 93 92 95 95 90 91 92 89 93 97 98 100 100 100 100 101 101 101 101 102 99 96 96 96 97 97 95 92 93 99 101 99 97 97 91 97 91 96 93 92 91 95 96 91 93 91 88 88 90 94 92 91 93 94 93 92 90 95 97 100 99
84 88 88 91 88 87 87 86 86 91 90 93 93 94 92 94 95 90 89 88 89 90 88 86 84 86 84 83 87 86 87 90 88 89 90 92 91 94 93 87 88 89 91 92 94 98 97 97 98 100 101 101 101 101 98 92 93 95 96 97 97 96 96 98 101 103 102 93 86 88 88 93 94 90 88 89 94 94 95 91 91 89 88 90 91 89 91 90 92 94 91 88 94 97 92 94
89 86 88 89 87 88 87 90 88 89 90 90 93 96 96 97 92 93 92 90 92 91 85 86 85 87 78 81 84 82 86 84 87 87 89 90 91 89 92 90 94 89 94 91 93 97 97 98 98 98 99 101 102 102 97 94 95 93 96 96 97 97 97 97 99 100 103 94 94 95 92 98 96 92 87 92 92 94 93 93 92 89 88 86 88 90 93 94 91 93 92 94 94 99 93 93
86 87 90 87 86 86 87 91 87 87 93 94 91 93 97 96 95 93 91 90 92 91 87 83 82 85 86 81 79 81 85 82 83 86 85 90 91 90 89 94 97 95 95 95 98 99 99 99 99 99 100 102 102 102 101 98 95 95 93 94 96 95 92 94 102 96 101 102 101 99 98 99 90 90 90 92 93 95 91 89 87 91 90 89 90 91 92 94 96 93 94 94 95 95 91 87
86 89 85 90 87 88 89 87 92 89 93 94 94 96 95 93 91 91 92 90 90 90 90 82 87 84 83 81 79 76 83 82 82 82 85 89 87 90 91 95 98 99 100 100 100 100 101 101 101 101 101 101 100 101 100 97 92 90 91 93 93 94 95 97 97 91 98 99 102 103 103 100 100 97 96 93 93 97 91 88 89 92 90 89 91 94 92 93 95 96 93 94 95 95 93 89
87 86 91 87 89 90 89 90 91 95 94 94 96 96 94 93 94 92 91 89 90 91 88 90 84 86 84 83 83 77 82 86 87 81 84 90 91 91 96 96 99 99 94 98 99 100 101 101 101 101 102 101 98 99 102 99 95 93 90 93 93 97 97 99 91 91 95 92 97 101 101 102 100 102 99 98 99 93 96 90 94 95 94 89 93 93 95 95 95 95 94 97 91 94 92 91
94 89 92 88 92 95 90 92 94 95 95 96 94 95 95 95 92 92 90 89 89 90 88 93 88 88 86 86 87 83 86 87 89 87 92 93 94 88 94 97 100 96 92 95 98 99 101 100 101 101 101 101 98 100 101 101 98 91 92 93 91 95 94 97 95 94 91 94 98 95 97 102 103 103 102 101 96 97 93 91 95 97 95 89 92 94 94 93 96 96 92 95 97 95 91 92
92 95 93 94 94 94 93 94 94 96 96 94 93 93 95 93 91 88 88 89 91 92 90 90 92 92 87 86 81 80 84 86 84 89 88 86 84 91 95 97 98 100 92 97 99 101 101 98 101 101 100 101 99 102 101 99 96 93 97 92 90 95 96 97 99 96 92 93 98 91 96 100 99 102 103 101 99 98 91 92 95 98 97 90 90 90 89 91 93 92 96 94 93 96 94 89
95 95 92 95 95 95 96 96 96 94 93 91 92 92 95 91 92 91 89 91 94 94 93 94 93 91 89 85 80 81 84 79 88 86 78 78 84 90 94 96 97 100 96 97 100 100 101 99 97 101 100 101 100 102 99 100 100 99 96 92 92 95 96 97 98 95 92 94 93 90 97 97 101 97 103 103 101 95 96 92 93 98 96 91 93 94 93 93 90 92 93 90 94 95 91 92
93 91 95 96 96 96 96 95 94 93 91 91 92 94 92 92 90 90 89 90 92 94 94 95 93 93 87 81 75 83 86 84 82 76 78 85 89 93 94 97 96 100 96 99 100 101 102 100 99 98 99 99 99 102 101 99 97 99 98 93 93 93 92 93 98 94 88 91 96 92 93 99 99 96 102 103 102 97 91 90 95 98 98 93 93 96 92 90 88 90 90 91 94 93 89 88
