02_numpy_matplotlib_scipy/exercises/data/TAMM_17_2015_01.asc
NCOLS 654
NROWS 866
XLLCORNER 3280414.711633467
YLLCORNER 5237500.62890625
CELLSIZE 1000
NODATA_VALUE -999
[rows 765 to 809 of 866, columns 192 to 287 of 654]
92 92 93 91 88 88 89 88 89 88 84 85 77 77 83 88 81 80 82 89 82 85 83 80 83 83 83 85 85 85 84 86 85 89 93 88 88 89 90 89 91 90 89 91 88 82 82 83 84 85 84 85 85 87 88 86 85 84 85 83 86 90 91 91 92 92 92 92 90 90 91 91 92 93 94 94 95 95 95 96 94 96 95 95 95 95 95 95 96 97 97 97 96 94 95 96
95 92 94 91 88 89 90 90 89 87 84 86 78 79 85 80 83 82 87 83 89 87 83 83 82 84 82 84 86 85 84 86 86 88 93 88 88 88 87 86 89 92 92 91 86 82 83 84 86 86 86 84 85 87 85 83 83 85 87 89 90 91 92 91 92 92 92 91 88 88 90 90 92 93 93 94 95 94 96 95 96 95 94 94 95 96 95 96 97 97 97 96 95 95 95 94
93 95 94 93 90 88 91 90 88 78 79 88 79 78 85 82 79 82 81 81 89 88 83 83 84 85 84 84 86 85 86 86 86 87 88 92 89 88 86 87 88 88 91 88 86 82 82 83 86 87 85 85 89 87 86 87 85 84 87 89 86 91 91 92 91 91 92 88 86 85 88 90 92 93 93 93 94 94 94 94 95 94 94 94 95 95 96 97 96 97 96 96 94 94 94 94
95 94 89 89 90 91 93 92 83 82 79 87 82 81 89 84 81 82 82 83 92 84 85 83 82 82 85 85 86 84 85 85 85 87 88 94 92 88 85 86 88 90 92 88 88 83 82 85 85 87 86 87 86 90 91 91 91 91 91 91 91 91 91 92 91 91 91 91 88 88 90 91 92 93 93 93 93 92 94 92 93 94 94 94 94 93 96 96 96 96 96 94 96 94 94 94
93 95 91 93 92 94 93 90 84 86 88 89 90 89 90 80 79 83 82 85 90 83 82 85 83 82 83 85 84 86 85 85 86 87 88 94 89 90 85 87 89 89 92 91 87 84 83 85 87 89 89 86 88 90 91 90 91 92 91 91 91 91 92 92 90 90 91 92 90 89 90 92 91 92 91 91 91 92 92 93 93 93 93 93 93 93 96 96 95 94 95 96 95 95 94 94
95 95 96 93 93 96 94 94 90 86 84 81 81 80 86 91 83 83 87 93 83 82 84 84 84 83 85 84 85 84 85 84 85 86 87 86 91 92 85 85 86 89 89 91 87 83 85 86 85 87 89 88 88 91 92 91 91 91 90 91 92 92 92 90 90 90 90 92 91 91 90 91 91 91 91 92 90 90 92 92 91 93 93 93 92 93 95 96 94 94 94 93 94 95 94 94
96 95 95 99 95 96 95 94 93 94 87 81 82 83 83 80 92 84 84 93 84 83 85 84 85 85 85 84 85 84 85 85 87 87 89 85 91 86 89 85 85 88 87 91 84 84 86 87 88 87 87 87 89 91 90 91 90 91 90 91 92 92 92 91 90 90 90 92 91 91 90 92 91 91 92 92 90 91 90 90 91 93 91 93 93 94 95 96 92 93 93 93 92 94 95 94
94 93 93 97 99 96 98 98 97 89 81 83 83 84 82 88 91 89 84 82 86 83 84 86 85 85 84 84 84 86 86 87 87 86 85 85 86 91 89 86 85 87 86 90 84 86 87 88 90 89 86 87 89 90 90 90 91 91 91 91 92 92 92 91 90 90 91 92 91 92 92 91 91 91 92 92 90 91 91 91 92 92 93 93 94 93 95 96 93 93 93 94 93 93 95 93
91 93 93 95 97 98 100 98 95 85 84 83 83 85 84 84 84 90 94 94 86 85 83 85 84 87 84 85 85 87 87 86 88 86 87 87 89 91 90 86 87 86 88 86 90 88 89 90 91 90 87 88 90 90 89 89 89 90 91 93 92 93 92 90 90 90 90 92 92 91 90 92 91 91 92 92 91 90 91 91 92 93 93 93 93 93 96 93 93 92 93 93 93 93 95 94
91 92 93 97 97 98 99 99 97 85 85 84 83 85 85 84 84 85 84 86 95 86 85 86 84 87 86 86 87 87 86 91 87 88 91 86 86 85 89 86 85 86 87 88 86 86 88 89 89 88 89 90 91 91 89 90 90 89 93 93 93 93 92 91 90 90 90 90 92 90 90 91 91 92 93 93 92 91 92 92 92 93 93 93 94 95 96 94 93 93 92 92 93 93 94 93
93 92 96 94 96 98 100 99 97 85 84 84 85 83 83 84 84 84 85 85 91 92 85 85 85 85 84 85 85 86 89 95 94 91 92 94 85 87 89 87 86 85 88 89 90 86 87 88 90 89 89 90 91 89 90 91 90 91 93 93 93 93 91 92 91 90 91 90 92 91 91 92 92 92 92 93 92 91 91 91 93 94 94 94 93 94 94 96 94 93 91 91 92 93 93 93
91 93 94 94 95 96 98 100 98 90 90 85 87 87 85 91 86 85 85 84 85 90 88 86 85 85 87 86 86 94 94 86 85 94 91 93 91 93 88 86 88 90 89 87 89 88 87 89 88 89 88 89 91 90 89 89 90 90 93 93 93 93 91 91 91 91 90 90 91 91 91 92 92 92 93 93 91 91 92 92 94 94 93 94 92 93 94 94 95 95 92 92 90 91 92 92
92 92 92 94 94 96 98 99 100 97 93 87 85 87 85 85 92 86 86 85 87 88 87 85 85 86 85 94 96 90 85 85 85 91 85 91 92 91 86 89 86 88 88 86 86 89 90 91 91 91 91 91 92 91 92 93 93 93 93 93 93 93 93 92 91 92 92 91 91 92 92 93 93 93 93 93 92 91 93 93 94 93 93 95 95 94 94 95 96 94 94 90 92 92 92 91
90 93 92 89 92 92 96 96 96 97 97 94 87 88 85 85 87 87 86 86 87 88 89 86 86 89 89 96 86 84 85 86 86 86 88 87 89 90 87 86 87 87 85 85 86 87 88 91 91 90 92 92 92 92 92 92 93 93 93 94 93 92 94 92 92 93 92 91 92 92 93 93 93 93 93 93 94 93 94 94 94 94 94 93 94 94 94 96 96 95 93 90 91 92 90 91
90 91 91 92 90 92 90 89 83 90 95 97 90 86 87 86 86 90 86 86 87 88 96 91 89 97 95 88 85 84 84 85 85 87 87 87 87 89 87 87 88 86 86 86 87 88 89 88 89 90 91 91 92 92 92 92 92 92 93 93 94 92 94 93 92 93 93 91 91 91 91 92 91 93 93 94 94 94 94 94 94 94 94 93 94 93 93 95 95 91 95 90 91 92 90 90
90 91 92 91 93 94 89 90 84 86 93 96 88 87 87 87 86 94 87 89 89 87 97 89 93 89 86 83 85 83 84 85 85 87 87 88 88 89 87 86 88 86 86 88 88 88 90 89 89 90 92 92 89 91 92 92 92 93 92 93 93 92 94 94 94 93 92 91 91 92 91 90 91 93 93 94 94 94 93 91 94 94 93 92 93 93 95 94 92 90 95 92 91 91 90 90
89 90 92 92 94 93 91 92 85 86 92 97 86 86 87 87 91 88 94 97 93 97 89 95 94 91 87 83 84 84 87 85 87 88 88 89 89 88 88 87 87 86 86 87 88 88 90 91 92 92 91 91 90 90 92 92 92 90 90 92 93 92 92 94 93 93 92 91 91 91 91 91 90 92 93 94 94 94 93 93 94 94 94 93 94 95 95 92 90 90 92 90 91 90 90 89
88 90 85 85 89 93 92 93 85 86 95 94 87 87 92 90 89 95 97 97 93 91 97 89 93 86 85 84 84 85 87 87 89 89 89 89 89 89 88 87 86 87 86 87 88 90 90 88 89 91 91 89 90 90 91 91 91 91 91 91 92 92 92 93 93 93 92 91 91 91 91 91 91 93 93 93 94 94 94 94 94 94 94 95 95 95 95 90 90 91 92 90 90 89 90 89
86 89 89 87 91 93 95 95 86 91 96 93 88 87 88 90 90 97 96 95 90 97 96 88 96 90 87 86 87 87 87 88 88 89 89 91 90 89 89 88 87 86 86 90 90 90 90 88 89 89 89 88 91 91 92 90 90 91 90 90 91 92 92 91 92 93 93 92 90 89 89 91 90 91 93 93 94 94 94 93 94 94 95 95 95 95 92 91 89 92 90 91 91 89 91 89
85 87 90 91 89 85 84 96 87 94 96 93 88 91 97 97 97 97 91 92 95 96 97 90 89 88 87 86 86 88 89 90 90 92 91 91 90 89 88 90 88 89 90 86 87 90 88 88 88 88 88 89 91 90 90 89 91 90 91 90 90 90 90 91 92 92 92 92 91 90 89 90 90 91 92 93 94 94 94 94 94 94 95 95 94 93 89 91 90 93 91 89 89 88 90 89
84 85 82 83 92 92 86 95 89 89 96 95 88 96 97 93 95 93 95 91 91 94 92 90 88 88 87 89 89 90 89 90 92 92 91 90 91 91 89 89 91 90 89 87 87 90 87 88 87 87 87 90 90 88 89 90 89 89 90 89 90 90 90 91 90 91 92 92 92 91 89 89 89 91 91 94 95 95 95 94 94 94 94 93 94 94 89 91 91 92 91 90 89 88 89 89
86 85 86 82 83 87 93 93 94 96 95 96 94 94 97 90 90 92 91 87 87 88 92 89 90 90 89 89 91 91 90 91 92 92 91 91 90 88 89 89 89 89 88 87 90 88 89 87 87 87 87 87 89 89 88 90 88 89 90 89 89 89 89 91 90 91 91 90 93 92 92 90 88 90 90 94 95 95 95 94 94 94 95 93 92 94 94 92 93 92 91 89 89 89 88 88
85 82 85 88 82 85 87 89 90 92 87 89 96 96 95 93 92 89 91 87 87 88 89 91 90 90 90 89 91 91 91 91 92 92 91 91 89 89 89 89 88 88 88 87 88 87 88 87 87 86 87 87 87 89 89 90 88 89 88 90 89 89 90 90 90 90 91 92 92 93 92 91 89 89 90 94 95 95 94 94 94 95 94 93 92 93 94 92 92 90 91 89 90 88 88 87
85 86 82 81 90 83 85 85 88 95 88 96 93 91 95 95 90 86 88 87 88 89 89 90 90 90 91 91 92 93 92 92 93 93 92 90 91 89 89 89 88 87 87 87 88 87 87 87 87 87 88 87 87 88 89 89 89 88 88 88 88 88 89 90 88 91 92 91 92 92 93 92 90 89 90 94 96 95 94 94 95 94 93 93 93 92 93 92 92 90 91 91 88 87 86 87
80 87 87 81 83 85 88 87 89 89 91 96 89 87 88 91 94 90 88 90 89 89 90 89 90 92 92 91 91 92 92 93 93 92 92 91 89 89 89 88 87 87 87 87 88 86 87 88 86 87 87 87 87 88 88 89 89 88 89 89 88 89 89 90 90 91 92 92 92 93 93 93 91 90 90 94 95 95 95 94 94 94 94 93 93 92 92 92 92 92 91 90 88 87 86 87
78 85 85 82 87 87 92 87 89 95 95 94 93 89 87 87 92 88 88 89 89 90 91 91 91 90 93 92 92 92 92 93 93 92 93 92 89 89 89 89 87 86 86 86 88 85 86 87 85 86 85 85 86 87 87 88 88 88 89 89 89 88 89 91 91 91 91 94 94 94 94 93 93 93 93 96 95 94 95 94 94 93 94 92 92 92 93 92 92 92 91 90 88 88 87 87
82 79 84 90 90 89 87 92 90 95 89 87 88 90 86 87 89 91 88 88 88 90 91 91 92 92 91 92 92 92 92 92 93 93 93 91 90 90 88 88 87 87 87 88 87 86 85 86 86 84 85 85 86 86 86 88 89 88 89 90 88 89 90 90 92 92 93 92 94 94 94 94 93 94 94 96 94 94 94 94 94 94 93 92 92 91 91 92 92 91 89 89 88 89 88 88
88 87 81 80 82 89 90 94 93 93 89 87 87 87 85 86 88 90 90 89 90 91 91 92 92 92 92 91 91 92 92 93 94 94 93 90 91 90 89 87 87 87 86 87 86 87 85 84 85 84 86 86 84 86 87 89 88 87 89 90 90 90 91 92 92 92 93 93 94 94 94 94 95 94 94 96 94 94 94 94 94 93 93 92 92 91 91 91 91 87 87 87 90 90 89 90
91 89 88 89 91 92 91 92 90 90 92 88 88 86 87 89 89 89 90 91 91 91 91 91 92 92 92 92 92 92 92 93 94 94 92 91 90 91 89 88 87 88 87 87 86 87 85 85 84 86 86 86 86 86 88 89 89 88 88 88 89 90 91 92 92 92 93 94 94 94 94 94 95 94 94 95 94 97 95 94 94 94 94 92 92 92 91 91 88 85 86 90 90 90 90 90
91 91 91 92 86 93 87 87 88 89 91 89 89 89 91 89 90 92 91 91 92 92 92 94 92 92 92 92 93 92 93 94 94 93 93 91 91 91 89 88 87 87 86 87 87 85 85 85 86 85 84 85 87 87 89 89 90 90 89 89 87 87 87 90 92 92 93 94 94 94 94 94 94 94 95 95 95 97 94 94 94 94 94 93 93 92 90 91 87 86 88 90 90 90 90 88
79 86 89 91 88 86 86 85 90 90 91 90 91 91 91 91 91 92 93 91 92 91 95 94 92 93 92 92 95 94 95 93 93 93 92 91 91 90 89 89 88 88 88 88 87 86 83 84 86 84 83 85 83 87 89 89 90 90 90 90 91 89 89 90 93 93 93 94 94 94 94 94 94 94 96 95 94 95 96 94 94 94 93 91 91 91 90 89 86 88 90 90 90 90 90 89
87 83 91 86 86 89 85 85 89 92 93 91 95 92 92 93 94 96 91 91 92 94 93 95 94 93 92 95 96 95 94 93 93 93 93 92 91 91 89 88 89 90 89 88 87 84 83 83 84 85 85 85 85 83 87 90 90 90 91 92 91 92 91 90 92 93 92 94 94 94 94 93 94 94 97 96 95 94 94 95 94 94 92 92 92 91 89 88 87 89 90 90 89 87 89 87
81 84 90 84 83 85 88 86 90 92 92 94 96 93 95 92 93 97 92 94 94 95 95 94 94 94 94 94 97 94 94 91 91 91 92 91 90 91 89 90 90 89 90 90 86 86 84 85 84 84 86 84 83 83 84 88 90 91 91 92 92 92 92 90 89 92 93 94 94 94 94 94 94 96 98 98 99 98 94 94 93 93 92 92 92 91 89 88 87 89 89 89 89 85 88 89
84 89 89 85 84 84 84 88 89 93 94 92 94 98 92 92 96 93 93 95 95 96 95 96 96 94 94 98 97 95 93 93 91 92 93 92 91 91 89 90 90 88 90 90 89 86 86 86 85 83 86 85 85 84 84 85 90 91 91 92 88 91 92 91 90 90 93 93 94 94 94 93 94 99 99 99 97 95 95 93 93 93 92 92 91 90 89 89 89 89 89 89 86 85 87 90
84 89 85 85 84 86 88 92 91 93 96 99 94 93 92 96 94 95 97 96 96 98 99 97 98 97 96 98 96 97 96 96 96 94 92 92 89 90 89 90 91 91 92 92 90 89 86 87 85 83 84 83 85 85 85 85 88 90 91 92 91 89 91 91 90 91 93 94 94 94 94 94 96 100 99 99 97 96 95 93 93 93 92 93 91 91 90 88 89 89 89 89 86 85 87 89
89 88 88 84 85 84 86 93 95 96 97 96 95 95 94 97 93 96 99 100 100 99 100 98 99 98 97 99 99 98 96 97 99 96 98 96 94 94 90 89 91 91 92 92 93 89 89 86 86 85 83 85 84 85 86 87 83 85 90 91 92 88 90 90 90 91 94 94 94 94 93 94 97 100 100 100 98 97 95 94 94 93 93 92 91 91 91 88 88 89 89 87 86 86 88 88
87 86 83 87 84 86 87 89 89 95 98 99 98 96 95 96 94 99 98 100 101 102 101 101 97 96 97 98 100 101 101 101 100 100 96 96 95 93 89 88 90 91 92 94 94 92 88 85 86 85 85 85 88 85 85 87 84 84 87 92 93 90 89 88 89 90 93 94 93 94 94 95 98 100 100 100 99 97 95 95 93 93 94 92 91 91 90 88 88 88 88 86 86 86 88 88
85 87 83 85 90 90 91 86 94 98 98 98 98 99 101 100 98 100 100 100 101 103 103 101 102 101 99 101 102 99 98 98 101 98 95 97 97 95 93 88 89 89 92 91 95 96 91 88 87 84 85 85 88 90 84 85 87 84 85 91 94 93 92 90 87 88 93 95 93 93 94 95 100 100 100 100 99 98 96 94 94 94 94 92 92 92 90 87 88 88 87 87 87 88 88 88
84 86 89 89 91 92 91 92 86 98 100 98 100 101 99 101 100 101 101 102 101 102 103 102 103 102 102 101 100 102 98 99 98 97 96 95 99 99 95 93 89 88 91 91 96 95 94 92 86 86 86 87 86 85 91 84 86 86 87 89 95 95 92 90 89 90 93 94 94 93 96 97 99 100 100 100 99 98 99 98 96 94 96 95 92 94 92 88 88 88 87 88 88 88 88 87
86 89 89 92 93 91 93 91 92 100 100 101 101 101 101 101 100 101 102 102 98 99 102 103 102 102 103 102 99 101 102 99 99 99 98 94 92 97 97 94 92 89 91 92 97 98 96 96 91 92 86 85 85 86 89 91 83 83 86 88 91 95 93 91 90 90 92 95 93 93 97 97 100 100 100 100 99 97 94 93 92 92 91 90 91 88 92 88 88 88 87 85 86 88 89 88
91 89 92 93 92 93 92 99 94 101 101 101 102 101 101 102 102 102 103 102 101 101 98 100 104 103 105 106 106 102 102 104 102 99 99 97 95 94 98 95 94 97 92 94 97 100 101 100 98 95 91 86 85 86 84 93 89 83 86 87 90 94 94 92 91 92 93 94 94 95 97 100 99 100 100 100 98 95 93 92 92 91 91 90 88 88 91 88 88 88 87 87 86 90 89 89
89 94 93 94 99 94 96 98 93 98 94 96 100 102 102 101 102 102 103 102 103 102 96 98 99 104 105 106 106 107 107 107 106 102 95 94 97 93 94 94 99 98 97 98 97 102 102 103 102 101 96 93 92 87 85 93 94 90 86 89 91 93 94 94 93 94 95 98 97 98 98 96 99 100 100 99 97 93 93 93 92 91 90 88 87 89 92 89 90 89 88 88 88 90 89 89
90 92 96 95 100 91 100 99 95 95 97 94 93 95 102 102 102 102 103 102 102 102 102 99 96 102 105 104 106 106 107 107 107 107 102 96 98 98 95 96 100 99 98 99 99 101 103 103 104 103 100 99 97 94 93 93 93 93 89 92 94 96 95 94 94 95 95 95 96 97 96 96 97 100 100 98 96 93 93 92 91 90 90 88 88 87 91 90 90 89 89 89 88 90 89 87
90 93 98 100 100 98 100 97 87 90 96 98 98 93 102 102 102 102 102 102 99 102 103 99 95 103 101 94 102 102 107 107 107 107 107 107 103 105 100 99 99 103 103 101 102 102 103 104 105 104 102 102 99 99 96 95 100 97 93 93 94 96 94 94 95 95 99 95 97 98 97 98 98 100 98 97 95 92 94 91 91 90 87 88 88 88 90 90 90 90 90 89 89 90 88 87
92 -999 -999 -999 100 99 99 96 92 91 94 97 97 96 101 103 102 102 102 100 101 103 103 98 98 103 98 96 98 97 98 101 107 107 107 107 107 102 103 103 101 102 104 104 102 101 99 102 105 104 103 102 101 97 99 97 100 100 97 95 99 96 96 97 96 96 96 97 97 98 98 98 100 94 97 93 93 94 93 91 91 89 87 89 88 88 89 90 91 90 89 88 89 89 89 87
